\begin{table}[htbp]
\centering
\caption{Within-day MAC matrices between the three tracked modes.}
\label{tab:mac_within}
\begin{subtable}[t]{0.18\linewidth}
\centering
\caption*{Day 1}
\begin{tabular}{ccccccc}
\toprule
& M1 & M2 & M3 & M4 & M5 & M6 \\
\midrule
M1 & \textbf{1.000} & 0.001 & 0.003 & 0.056 & 0.162 & 0.012 \\
M2 & 0.001 & \textbf{1.000} & 0.063 & 0.620 & 0.030 & 0.775 \\
M3 & 0.003 & 0.063 & \textbf{1.000} & 0.056 & 0.017 & 0.019 \\
M4 & 0.056 & 0.620 & 0.056 & \textbf{1.000} & 0.087 & 0.633 \\
M5 & 0.162 & 0.030 & 0.017 & 0.087 & \textbf{1.000} & 0.108 \\
M6 & 0.012 & 0.775 & 0.019 & 0.633 & 0.108 & \textbf{1.000} \\
\bottomrule
\end{tabular}
\end{subtable}
\hfill
\begin{subtable}[t]{0.18\linewidth}
\centering
\caption*{Day 2}
\begin{tabular}{ccccccc}
\toprule
& M1 & M2 & M3 & M4 & M5 & M6 \\
\midrule
M1 & \textbf{1.000} & 0.004 & 0.020 & 0.105 & 0.300 & 0.024 \\
M2 & 0.004 & \textbf{1.000} & 0.080 & 0.613 & 0.054 & 0.825 \\
M3 & 0.020 & 0.080 & \textbf{1.000} & 0.005 & 0.005 & 0.001 \\
M4 & 0.105 & 0.613 & 0.005 & \textbf{1.000} & 0.110 & 0.443 \\
M5 & 0.300 & 0.054 & 0.005 & 0.110 & \textbf{1.000} & 0.221 \\
M6 & 0.024 & 0.825 & 0.001 & 0.443 & 0.221 & \textbf{1.000} \\
\bottomrule
\end{tabular}
\end{subtable}
\hfill
\begin{subtable}[t]{0.18\linewidth}
\centering
\caption*{Day 3}
\begin{tabular}{ccccccc}
\toprule
& M1 & M2 & M3 & M4 & M5 & M6 \\
\midrule
M1 & \textbf{1.000} & 0.020 & 0.000 & 0.045 & 0.291 & 0.042 \\
M2 & 0.020 & \textbf{1.000} & 0.056 & 0.738 & 0.001 & 0.707 \\
M3 & 0.000 & 0.056 & \textbf{1.000} & 0.038 & 0.001 & 0.003 \\
M4 & 0.045 & 0.738 & 0.038 & \textbf{1.000} & 0.060 & 0.424 \\
M5 & 0.291 & 0.001 & 0.001 & 0.060 & \textbf{1.000} & 0.284 \\
M6 & 0.042 & 0.707 & 0.003 & 0.424 & 0.284 & \textbf{1.000} \\
\bottomrule
\end{tabular}
\end{subtable}
\hfill
\begin{subtable}[t]{0.18\linewidth}
\centering
\caption*{Day 4}
\begin{tabular}{ccccccc}
\toprule
& M1 & M2 & M3 & M4 & M5 & M6 \\
\midrule
M1 & \textbf{1.000} & 0.001 & 0.004 & 0.135 & 0.345 & 0.020 \\
M2 & 0.001 & \textbf{1.000} & 0.027 & 0.666 & 0.010 & 0.865 \\
M3 & 0.004 & 0.027 & \textbf{1.000} & 0.000 & 0.001 & 0.002 \\
M4 & 0.135 & 0.666 & 0.000 & \textbf{1.000} & 0.212 & 0.397 \\
M5 & 0.345 & 0.010 & 0.001 & 0.212 & \textbf{1.000} & 0.159 \\
M6 & 0.020 & 0.865 & 0.002 & 0.397 & 0.159 & \textbf{1.000} \\
\bottomrule
\end{tabular}
\end{subtable}
\hfill
\begin{subtable}[t]{0.18\linewidth}
\centering
\caption*{Day 5}
\begin{tabular}{ccccccc}
\toprule
& M1 & M2 & M3 & M4 & M5 & M6 \\
\midrule
M1 & \textbf{1.000} & 0.004 & 0.002 & 0.065 & 0.165 & 0.010 \\
M2 & 0.004 & \textbf{1.000} & 0.024 & 0.617 & 0.006 & 0.878 \\
M3 & 0.002 & 0.024 & \textbf{1.000} & 0.011 & 0.019 & 0.002 \\
M4 & 0.065 & 0.617 & 0.011 & \textbf{1.000} & 0.268 & 0.392 \\
M5 & 0.165 & 0.006 & 0.019 & 0.268 & \textbf{1.000} & 0.106 \\
M6 & 0.010 & 0.878 & 0.002 & 0.392 & 0.106 & \textbf{1.000} \\
\bottomrule
\end{tabular}
\end{subtable}
\hfill
\begin{subtable}[t]{0.18\linewidth}
\centering
\caption*{Day 6}
\begin{tabular}{ccccccc}
\toprule
& M1 & M2 & M3 & M4 & M5 & M6 \\
\midrule
M1 & \textbf{1.000} & 0.002 & 0.002 & 0.117 & 0.163 & 0.044 \\
M2 & 0.002 & \textbf{1.000} & 0.062 & 0.730 & 0.000 & 0.751 \\
M3 & 0.002 & 0.062 & \textbf{1.000} & 0.007 & 0.027 & 0.005 \\
M4 & 0.117 & 0.730 & 0.007 & \textbf{1.000} & 0.173 & 0.490 \\
M5 & 0.163 & 0.000 & 0.027 & 0.173 & \textbf{1.000} & 0.064 \\
M6 & 0.044 & 0.751 & 0.005 & 0.490 & 0.064 & \textbf{1.000} \\
\bottomrule
\end{tabular}
\end{subtable}
\hfill
\begin{subtable}[t]{0.18\linewidth}
\centering
\caption*{Day 7}
\begin{tabular}{ccccccc}
\toprule
& M1 & M2 & M3 & M4 & M5 & M6 \\
\midrule
M1 & \textbf{1.000} & 0.022 & 0.000 & 0.007 & -- & 0.000 \\
M2 & 0.022 & \textbf{1.000} & 0.057 & 0.771 & -- & 0.758 \\
M3 & 0.000 & 0.057 & \textbf{1.000} & 0.040 & -- & 0.007 \\
M4 & 0.007 & 0.771 & 0.040 & \textbf{1.000} & -- & 0.548 \\
M5 & -- & -- & -- & -- & -- & -- \\
M6 & 0.000 & 0.758 & 0.007 & 0.548 & -- & \textbf{1.000} \\
\bottomrule
\end{tabular}
\end{subtable}
\hfill
\begin{subtable}[t]{0.18\linewidth}
\centering
\caption*{Day 8}
\begin{tabular}{ccccccc}
\toprule
& M1 & M2 & M3 & M4 & M5 & M6 \\
\midrule
M1 & \textbf{1.000} & 0.002 & 0.007 & 0.125 & -- & 0.012 \\
M2 & 0.002 & \textbf{1.000} & 0.000 & 0.702 & -- & 0.811 \\
M3 & 0.007 & 0.000 & \textbf{1.000} & 0.033 & -- & 0.000 \\
M4 & 0.125 & 0.702 & 0.033 & \textbf{1.000} & -- & 0.554 \\
M5 & -- & -- & -- & -- & -- & -- \\
M6 & 0.012 & 0.811 & 0.000 & 0.554 & -- & \textbf{1.000} \\
\bottomrule
\end{tabular}
\end{subtable}
\hfill
\begin{subtable}[t]{0.18\linewidth}
\centering
\caption*{Day 9}
\begin{tabular}{ccccccc}
\toprule
& M1 & M2 & M3 & M4 & M5 & M6 \\
\midrule
M1 & \textbf{1.000} & 0.004 & 0.009 & 0.044 & 0.492 & 0.079 \\
M2 & 0.004 & \textbf{1.000} & 0.085 & 0.379 & 0.022 & 0.632 \\
M3 & 0.009 & 0.085 & \textbf{1.000} & 0.018 & 0.013 & 0.033 \\
M4 & 0.044 & 0.379 & 0.018 & \textbf{1.000} & 0.258 & 0.349 \\
M5 & 0.492 & 0.022 & 0.013 & 0.258 & \textbf{1.000} & 0.097 \\
M6 & 0.079 & 0.632 & 0.033 & 0.349 & 0.097 & \textbf{1.000} \\
\bottomrule
\end{tabular}
\end{subtable}
\hfill
\begin{subtable}[t]{0.18\linewidth}
\centering
\caption*{Day 10}
\begin{tabular}{ccccccc}
\toprule
& M1 & M2 & M3 & M4 & M5 & M6 \\
\midrule
M1 & \textbf{1.000} & 0.017 & 0.003 & 0.022 & 0.212 & 0.053 \\
M2 & 0.017 & \textbf{1.000} & 0.070 & 0.678 & 0.008 & 0.791 \\
M3 & 0.003 & 0.070 & \textbf{1.000} & 0.005 & 0.000 & 0.003 \\
M4 & 0.022 & 0.678 & 0.005 & \textbf{1.000} & 0.129 & 0.624 \\
M5 & 0.212 & 0.008 & 0.000 & 0.129 & \textbf{1.000} & 0.034 \\
M6 & 0.053 & 0.791 & 0.003 & 0.624 & 0.034 & \textbf{1.000} \\
\bottomrule
\end{tabular}
\end{subtable}
\hfill
\begin{subtable}[t]{0.18\linewidth}
\centering
\caption*{Day 11}
\begin{tabular}{ccccccc}
\toprule
& M1 & M2 & M3 & M4 & M5 & M6 \\
\midrule
M1 & \textbf{1.000} & 0.015 & 0.003 & 0.258 & 0.303 & 0.003 \\
M2 & 0.015 & \textbf{1.000} & 0.000 & 0.614 & 0.014 & 0.675 \\
M3 & 0.003 & 0.000 & \textbf{1.000} & 0.006 & 0.037 & 0.011 \\
M4 & 0.258 & 0.614 & 0.006 & \textbf{1.000} & 0.068 & 0.599 \\
M5 & 0.303 & 0.014 & 0.037 & 0.068 & \textbf{1.000} & 0.037 \\
M6 & 0.003 & 0.675 & 0.011 & 0.599 & 0.037 & \textbf{1.000} \\
\bottomrule
\end{tabular}
\end{subtable}
\hfill
\end{table}